30.52382178
114.35394287
30.5241361741712
114.35394287
30.5244505683424
114.35394287
30.5247649625136
114.35394287
30.5250793566848
114.35394287
30.525393750856
114.35394287
30.5257081450272
114.35394287
30.5260225391984
114.35394287
30.5263369333696
114.35394287
30.5266513275408
114.35394287
30.526965721712
114.35394287
30.5272801158832
114.35394287
30.5275945100544
114.35394287
30.5279089042256
114.35394287
30.5282232983968
114.35394287
30.528537692568
114.35394287
30.5288520867392
114.35394287
30.5291664809104
114.35394287
30.5294808750816
114.35394287
30.5297952692528
114.35394287
30.530109663424
114.35394287
30.5304240575951
114.35394287
30.5307384517663
114.35394287
30.5310528459375
114.35394287
30.5313672401087
114.35394287
30.5316816342799
114.35394287
30.5319960284511
114.35394287
30.5323104226223
114.35394287
30.5326248167935
114.35394287
30.5329392109647
114.35394287
30.5332536051359
114.35394287
30.5335679993071
114.35394287
30.52382178
114.355110167
30.5241361741712
114.355110167
30.5244505683424
114.355110167
30.5247649625136
114.355110167
30.5250793566848
114.355110167
30.525393750856
114.355110167
30.5257081450272
114.355110167
30.5260225391984
114.355110167
30.5263369333696
114.355110167
30.5266513275408
114.355110167
30.526965721712
114.355110167
30.5272801158832
114.355110167
30.5275945100544
114.355110167
30.5279089042256
114.355110167
30.5282232983968
114.355110167
30.528537692568
114.355110167
30.5288520867392
114.355110167
30.5291664809104
114.355110167
30.5294808750816
114.355110167
30.5297952692528
114.355110167
30.530109663424
114.355110167
30.5304240575951
114.355110167
30.5307384517663
114.355110167
30.5310528459375
114.355110167
30.5313672401087
114.355110167
30.5316816342799
114.355110167
30.5319960284511
114.355110167
30.5323104226223
114.355110167
30.5326248167935
114.355110167
30.5329392109647
114.355110167
30.5332536051359
114.355110167
30.5335679993071
114.355110167
30.52382178
114.356277464
30.5241361741712
114.356277464
30.5244505683424
114.356277464
30.5247649625136
114.356277464
30.5250793566848
114.356277464
30.525393750856
114.356277464
30.5257081450272
114.356277464
30.5260225391984
114.356277464
30.5263369333696
114.356277464
30.5266513275408
114.356277464
30.526965721712
114.356277464
30.5272801158832
114.356277464
30.5275945100544
114.356277464
30.5279089042256
114.356277464
30.5282232983968
114.356277464
30.528537692568
114.356277464
30.5288520867392
114.356277464
30.5291664809104
114.356277464
30.5294808750816
114.356277464
30.5297952692528
114.356277464
30.530109663424
114.356277464
30.5304240575951
114.356277464
30.5307384517663
114.356277464
30.5310528459375
114.356277464
30.5313672401087
114.356277464
30.5316816342799
114.356277464
30.5319960284511
114.356277464
30.5323104226223
114.356277464
30.5326248167935
114.356277464
30.5329392109647
114.356277464
30.5332536051359
114.356277464
30.5335679993071
114.356277464
30.52382178
114.357444761
30.5241361741712
114.357444761
30.5244505683424
114.357444761
30.5247649625136
114.357444761
30.5250793566848
114.357444761
30.525393750856
114.357444761
30.5257081450272
114.357444761
30.5260225391984
114.357444761
30.5263369333696
114.357444761
30.5266513275408
114.357444761
30.526965721712
114.357444761
30.5272801158832
114.357444761
30.5275945100544
114.357444761
30.5279089042256
114.357444761
30.5282232983968
114.357444761
30.528537692568
114.357444761
30.5288520867392
114.357444761
30.5291664809104
114.357444761
30.5294808750816
114.357444761
30.5297952692528
114.357444761
30.530109663424
114.357444761
30.5304240575951
114.357444761
30.5307384517663
114.357444761
30.5310528459375
114.357444761
30.5313672401087
114.357444761
30.5316816342799
114.357444761
30.5319960284511
114.357444761
30.5323104226223
114.357444761
30.5326248167935
114.357444761
30.5329392109647
114.357444761
30.5332536051359
114.357444761
30.5335679993071
114.357444761
30.52382178
114.358612058
30.5241361741712
114.358612058
30.5244505683424
114.358612058
30.5247649625136
114.358612058
30.5250793566848
114.358612058
30.525393750856
114.358612058
30.5257081450272
114.358612058
30.5260225391984
114.358612058
30.5263369333696
114.358612058
30.5266513275408
114.358612058
30.526965721712
114.358612058
30.5272801158832
114.358612058
30.5275945100544
114.358612058
30.5279089042256
114.358612058
30.5282232983968
114.358612058
30.528537692568
114.358612058
30.5288520867392
114.358612058
30.5291664809104
114.358612058
30.5294808750816
114.358612058
30.5297952692528
114.358612058
30.530109663424
114.358612058
30.5304240575951
114.358612058
30.5307384517663
114.358612058
30.5310528459375
114.358612058
30.5313672401087
114.358612058
30.5316816342799
114.358612058
30.5319960284511
114.358612058
30.5323104226223
114.358612058
30.5326248167935
114.358612058
30.5329392109647
114.358612058
30.5332536051359
114.358612058
30.5335679993071
114.358612058
30.52382178
114.359779355
30.5241361741712
114.359779355
30.5244505683424
114.359779355
30.5247649625136
114.359779355
30.5250793566848
114.359779355
30.525393750856
114.359779355
30.5257081450272
114.359779355
30.5260225391984
114.359779355
30.5263369333696
114.359779355
30.5266513275408
114.359779355
30.526965721712
114.359779355
30.5272801158832
114.359779355
30.5275945100544
114.359779355
30.5279089042256
114.359779355
30.5282232983968
114.359779355
30.528537692568
114.359779355
30.5288520867392
114.359779355
30.5291664809104
114.359779355
30.5294808750816
114.359779355
30.5297952692528
114.359779355
30.530109663424
114.359779355
30.5304240575951
114.359779355
30.5307384517663
114.359779355
30.5310528459375
114.359779355
30.5313672401087
114.359779355
30.5316816342799
114.359779355
30.5319960284511
114.359779355
30.5323104226223
114.359779355
30.5326248167935
114.359779355
30.5329392109647
114.359779355
30.5332536051359
114.359779355
30.5335679993071
114.359779355
30.52382178
114.360946652
30.5241361741712
114.360946652
30.5244505683424
114.360946652
30.5247649625136
114.360946652
30.5250793566848
114.360946652
30.525393750856
114.360946652
30.5257081450272
114.360946652
30.5260225391984
114.360946652
30.5263369333696
114.360946652
30.5266513275408
114.360946652
30.526965721712
114.360946652
30.5272801158832
114.360946652
30.5275945100544
114.360946652
30.5279089042256
114.360946652
30.5282232983968
114.360946652
30.528537692568
114.360946652
30.5288520867392
114.360946652
30.5291664809104
114.360946652
30.5294808750816
114.360946652
30.5297952692528
114.360946652
30.530109663424
114.360946652
30.5304240575951
114.360946652
30.5307384517663
114.360946652
30.5310528459375
114.360946652
30.5313672401087
114.360946652
30.5316816342799
114.360946652
30.5319960284511
114.360946652
30.5323104226223
114.360946652
30.5326248167935
114.360946652
30.5329392109647
114.360946652
30.5332536051359
114.360946652
30.5335679993071
114.360946652
30.52382178
114.362113949
30.5241361741712
114.362113949
30.5244505683424
114.362113949
30.5247649625136
114.362113949
30.5250793566848
114.362113949
30.525393750856
114.362113949
30.5257081450272
114.362113949
30.5260225391984
114.362113949
30.5263369333696
114.362113949
30.5266513275408
114.362113949
30.526965721712
114.362113949
30.5272801158832
114.362113949
30.5275945100544
114.362113949
30.5279089042256
114.362113949
30.5282232983968
114.362113949
30.528537692568
114.362113949
30.5288520867392
114.362113949
30.5291664809104
114.362113949
30.5294808750816
114.362113949
30.5297952692528
114.362113949
30.530109663424
114.362113949
30.5304240575951
114.362113949
30.5307384517663
114.362113949
30.5310528459375
114.362113949
30.5313672401087
114.362113949
30.5316816342799
114.362113949
30.5319960284511
114.362113949
30.5323104226223
114.362113949
30.5326248167935
114.362113949
30.5329392109647
114.362113949
30.5332536051359
114.362113949
30.5335679993071
114.362113949
30.52382178
114.363281246
30.5241361741712
114.363281246
30.5244505683424
114.363281246
30.5247649625136
114.363281246
30.5250793566848
114.363281246
30.525393750856
114.363281246
30.5257081450272
114.363281246
30.5260225391984
114.363281246
30.5263369333696
114.363281246
30.5266513275408
114.363281246
30.526965721712
114.363281246
30.5272801158832
114.363281246
30.5275945100544
114.363281246
30.5279089042256
114.363281246
30.5282232983968
114.363281246
30.528537692568
114.363281246
30.5288520867392
114.363281246
30.5291664809104
114.363281246
30.5294808750816
114.363281246
30.5297952692528
114.363281246
30.530109663424
114.363281246
30.5304240575951
114.363281246
30.5307384517663
114.363281246
30.5310528459375
114.363281246
30.5313672401087
114.363281246
30.5316816342799
114.363281246
30.5319960284511
114.363281246
30.5323104226223
114.363281246
30.5326248167935
114.363281246
30.5329392109647
114.363281246
30.5332536051359
114.363281246
30.5335679993071
114.363281246
30.52382178
114.364448543
30.5241361741712
114.364448543
30.5244505683424
114.364448543
30.5247649625136
114.364448543
30.5250793566848
114.364448543
30.525393750856
114.364448543
30.5257081450272
114.364448543
30.5260225391984
114.364448543
30.5263369333696
114.364448543
30.5266513275408
114.364448543
30.526965721712
114.364448543
30.5272801158832
114.364448543
30.5275945100544
114.364448543
30.5279089042256
114.364448543
30.5282232983968
114.364448543
30.528537692568
114.364448543
30.5288520867392
114.364448543
30.5291664809104
114.364448543
30.5294808750816
114.364448543
30.5297952692528
114.364448543
30.530109663424
114.364448543
30.5304240575951
114.364448543
30.5307384517663
114.364448543
30.5310528459375
114.364448543
30.5313672401087
114.364448543
30.5316816342799
114.364448543
30.5319960284511
114.364448543
30.5323104226223
114.364448543
30.5326248167935
114.364448543
30.5329392109647
114.364448543
30.5332536051359
114.364448543
30.5335679993071
114.364448543
30.52382178
114.36561584
30.5241361741712
114.36561584
30.5244505683424
114.36561584
30.5247649625136
114.36561584
30.5250793566848
114.36561584
30.525393750856
114.36561584
30.5257081450272
114.36561584
30.5260225391984
114.36561584
30.5263369333696
114.36561584
30.5266513275408
114.36561584
30.526965721712
114.36561584
30.5272801158832
114.36561584
30.5275945100544
114.36561584
30.5279089042256
114.36561584
30.5282232983968
114.36561584
30.528537692568
114.36561584
30.5288520867392
114.36561584
30.5291664809104
114.36561584
30.5294808750816
114.36561584
30.5297952692528
114.36561584
30.530109663424
114.36561584
30.5304240575951
114.36561584
30.5307384517663
114.36561584
30.5310528459375
114.36561584
30.5313672401087
114.36561584
30.5316816342799
114.36561584
30.5319960284511
114.36561584
30.5323104226223
114.36561584
30.5326248167935
114.36561584
30.5329392109647
114.36561584
30.5332536051359
114.36561584
30.5335679993071
114.36561584
